2 199
24 167
71 123
76 154
123 124
135 183
159 153
167 167
183 138
192 175
198 198
10 5
100 23
12 42
12 7
124 54
124 98
130 42
14 24
14 98
146 39
18 40
198 43
23 24
23 43
23 52
23 75
24 88
25 56
25 60
26 28
28 30
28 46
29 34
29 63
30 30
30 40
32 43
33 33
35 23
38 21
39 23
39 43
40 21
45 93
46 10
47 21
49 29
50 32
50 71
52 14
52 29
52 54
53 35
53 42
53 63
54 21
54 26
54 23
54 32
55 55
58 43
58 69
65 32
65 45
65 56
7 7
70 1
71 44
71 71
74 78
75 36
76 24
76 28
76 34
8 3
82 46
82 7
83 46
84 56
87 23
87 35
87 67
87 78
88 88
90 32
90 53
91 23
91 38
92 21
92 48
93 42
93 47
94 33
94 58
97 32
98 43
98 78
99 5
99 99